546965
1546454
2345456
3957366
5587383
6891264
8000326
8086870
8122955
8616549
10214564
10491329
11198997
13198587
14012647
16717218
17601965
18425235
20749045
24584533
25806207
27684235
29635576
31930398
34417706
35128212
36815308
38167268
38867743
39121395
39438590
39685712
40213013
40659713
40935404
41711300
42077522
42566623
42789038
43081595
43352390
43639528
43959058
44111276
44200103
44385147
44567968
44829314
45196759
45438680
45791578
45992971
46197228
46435052
46665649
46934498
47095089
47288089
47403151
47634122
47851859
48133515
48660800
49184646
49375417
49747198
50440917
50693615
50957521
51132007